changeChance = 0.8 / 24

Tournament7;0.8
     elites   1    2    3    4    5    6    7    8    9   10
pops: 100    10   10   10   10   10   11   10   10   10   11
pops: 120    10   10   10   10    9   10   10   10   10   10
pops: 140    10    9    9    9    9   10    9    9    9   10
pops: 160     9    9    9    9    9    9    9    9    9    9
pops: 180     9    9    9    9    9    9    9    8    9    9
pops: 200     9    9    8    9    8    9    9    8    9    9

Truncate0.05
     elites   1    2    3    4    5    6    7    8    9   10
pops: 100     7    7    7    7    7    7    7    7    7    7
pops: 120     7    7    7    7    6    7    7    7    7    7
pops: 140     6    6    6    6    7    7    7    6    7    6
pops: 160     6    6    6    6    6    6    6    6    6    6
pops: 180     6    6    6    6    6    6    6    6    6    6
pops: 200     6    6    6    6    6    6    6    6    6    6

Truncate0.10
     elites   1    2    3    4    5    6    7    8    9   10
pops: 100     8    8    8    8    8    8    8    8    9    8
pops: 120     8    8    8    8    8    8    8    8    8    8
pops: 140     7    7    8    7    7    7    8    8    8    7
pops: 160     7    7    7    7    7    7    7    7    7    7
pops: 180     7    7    7    7    7    7    7    7    7    7
pops: 200     7    7    7    7    7    7    7    7    7    7

Tournament4;1.0
     elites   1    2    3    4    5    6    7    8    9   10
pops: 100    12   11   12   12   11   12   12   12   12   12
pops: 120    12   12   11   11   12   11   11   12   11   11
pops: 140    11   11   11   11   10   11   11   11   11   11
pops: 160    11   11   10   11   10   10   10   10   11   11
pops: 180    11   10   10   10   10   10   10   10   10   10
pops: 200    10   10   10   10   10   10   10   10   10   10

Tournament4;0.8
     elites   1    2    3    4    5    6    7    8    9   10
pops: 100    15   14   14   14   13   14   14   14   14   14
pops: 120    14   14   13   13   13   13   13   13   13   13
pops: 140    13   13   13   13   13   12   12   12   12   12
pops: 160    13   12   13   12   12   12   12   12   12   12
pops: 180    13   12   12   12   12   12   12   12   12   12
pops: 200    13   12   12   12   12   12   11   12   11   11

Truncate0.15
     elites   1    2    3    4    5    6    7    8    9   10
pops: 100     9    9    9    9    9    9    9    9    9    9
pops: 120     8    9    8    9    8    9    9    8    8    9
pops: 140     8    8    8    8    8    8    8    8    8    8
pops: 160     8    8    8    8    8    8    8    8    8    8
pops: 180     8    8    8    8    8    8    8    8    8    8
pops: 200     7    7    7    7    8    7    8    8    8    8

Truncate0.20
     elites   1    2    3    4    5    6    7    8    9   10
pops: 100    10   10   10   10    9   10   10   10   10   10
pops: 120     9    9    9    9   10    9    9    9    9    9
pops: 140     9    9    9    9    9    9    9    9    9    9
pops: 160     9    8    9    9    9    9    8    9    9    9
pops: 180     8    8    8    8    8    8    8    8    8    9
pops: 200     8    8    8    8    8    8    8    8    8    8

Tournament7;1.0
     elites   1    2    3    4    5    6    7    8    9   10
pops: 100     9    9    9    9    9    9   10    9   10   10
pops: 120     9    9    9    9    9    9    9    9    9    9
pops: 140     9    9    8    8    8    8    8    9    9    8
pops: 160     8    8    8    8    8    8    8    8    8    8
pops: 180     8    8    8    8    8    8    8    8    8    8
pops: 200     8    8    8    8    8    8    8    8    8    8

Tournament4;0.6
     elites   1    2    3    4    5    6    7    8    9   10
pops: 100    21   19   18   18   17   16   17   16   17   16
pops: 120    19   18   17   17   17   16   16   16   16   16
pops: 140    19   17   17   16   16   16   16   15   15   16
pops: 160    18   17   17   16   16   15   15   15   15   15
pops: 180    18   17   16   15   15   15   15   15   15   15
pops: 200    17   16   16   15   15   15   14   15   15   14

Tournament7;0.6
     elites   1    2    3    4    5    6    7    8    9   10
pops: 100    12   12   12   12   11   12   12   12   12   12
pops: 120    11   11   11   11   11   11   12   11   11   12
pops: 140    12   11   11   11   11   11   11   11   11   10
pops: 160    11   11   10   10   10   10   10   11   11   11
pops: 180    11   10   10   10   10   10   10   10   10   10
pops: 200    10   10   10   10   10   10   10   10   10   10

Tournament10;1.0
     elites   1    2    3    4    5    6    7    8    9   10
pops: 100     8    8    8    8    8    9    8    8    8    8
pops: 120     8    8    8    8    8    8    8    8    8    8
pops: 140     7    7    8    8    8    8    8    8    8    8
pops: 160     7    7    7    7    7    7    7    7    7    8
pops: 180     7    7    7    7    7    7    7    7    7    7
pops: 200     7    7    7    7    7    7    7    7    7    7

Tournament10;0.8
     elites   1    2    3    4    5    6    7    8    9   10
pops: 100     9    9    9    9    9    9    9    9    9    9
pops: 120     9    8    9    9    8    9    9    9    8    9
pops: 140     8    8    8    8    8    8    8    8    8    8
pops: 160     8    8    8    8    8    8    8    8    8    8
pops: 180     8    8    8    7    8    8    8    8    8    8
pops: 200     7    7    7    7    7    7    7    7    8    8

Tournament10;0.6
     elites   1    2    3    4    5    6    7    8    9   10
pops: 100    10   10   10   10   10   10   10   10   10   10
pops: 120     9    9    9    9    9    9    9   10   10   10
pops: 140     9    9    9    9    9    9    9    9    9    9
pops: 160     9    9    9    9    9    9    9    9    9    9
pops: 180     9    9    9    9    8    9    9    9    9    9
pops: 200     8    8    9    8    8    8    8    8    9    8