changeChance = 0.8 / 24

Truncate0.4
     elites  2   3   4   5   6   7   8
pops:  10   33  36  41  48  57  69 104
pops:  20   22  22  23  24  26  26  29
pops:  30   19  18  19  18  21  21  21
pops:  40   17  17  17  17  16  18  19
pops:  50   16  16  16  15  16  15  16
pops:  60   16  15  15  15  15  15  15
pops:  70   15  14  14  14  14  14  14
pops:  80   15  14  14  14  14  13  14
pops:  90   14  14  13  14  13  13  13
pops: 100   14  14  13  13  13  13  13

Truncate0.6
     elites  2   3   4   5   6   7   8
pops:  10   40  41  49  53  62  91 117
pops:  20   32  28  28  28  29  32  35
pops:  30   26  27  26  24  24  24  25
pops:  40   23  23  24  23  23  22  22
pops:  50   22  21  21  23  22  21  21
pops:  60   21  20  19  20  22  21  21
pops:  70   20  19  19  19  19  20  20
pops:  80   19  19  18  19  19  19  20
pops:  90   19  18  17  18  18  18  18
pops: 100   19  18  17  17  18  17  17

Roulette
     elites  2   3   4   5   6   7   8
pops:  10   73  67  74  80  93 115 173
pops:  20   54  51  48  46  50  50  52
pops:  30   50  45  41  41  41  39  40
pops:  40   49  43  39  37  36  36  36
pops:  50   48  38  38  35  33  33  33
pops:  60   46  39  37  35  33  33  31
pops:  70   43  37  35  33  32  31  32
pops:  80   46  39  36  33  32  30  29
pops:  90   44  37  34  33  31  29  29
pops: 100   44  38  34  31  29  29  29

SUS
     elites  2   3   4   5   6   7   8
pops:  10   68  65  68  85 101 133 227
pops:  20   48  49  47  47  48  50  52
pops:  30   47  40  37  39  40  40  40
pops:  40   40  37  36  34  34  35  35
pops:  50   38  35  34  33  32  32  31
pops:  60   35  34  32  31  31  31  30
pops:  70   36  32  31  29  31  29  28
pops:  80   34  31  30  29  29  28  28
pops:  90   35  32  29  28  28  27  28
pops: 100   33  30  28  28  28  27  27