changeChance = 0.8 / 24

Tournament10;0.8
     elites   1    2    3    4    5    6    7    8    9   10
pops: 100     9    9    9    9    9    9    9    9    9   10
pops: 120     9    9    8    8    8    8    9    8    9    9
pops: 140     8    8    8    8    8    8    8    8    8    8
pops: 160     8    8    8    8    8    8    8    8    8    8
pops: 180     8    7    8    7    7    8    8    8    8    8
pops: 200     7    7    8    7    7    7    8    7    8    7

Truncate0.01
     elites   1    2    3    4    5    6    7    8    9   10
pops: 100     7    7    7    7    7    7    7    7    7    7
pops: 120     6    6    6    6    6    6    7    6    7    6
pops: 140     6    6    6    6    6    6    6    6    6    6
pops: 160     6    6    6    6    6    6    6    6    6    6
pops: 180     6    6    6    6    6    6    6    6    6    6
pops: 200     5    5    5    5    5    5    5    5    5    5

Tournament14;0.8
     elites   1    2    3    4    5    6    7    8    9   10
pops: 100     8    8    8    8    8    8    8    8    8    8
pops: 120     8    8    8    7    8    8    8    8    8    8
pops: 140     7    7    7    8    7    8    8    7    7    8
pops: 160     7    7    7    7    7    7    7    7    7    7
pops: 180     7    7    7    7    7    7    7    7    7    7
pops: 200     7    7    7    7    7    7    6    7    7    7

Truncate0.05
     elites   1    2    3    4    5    6    7    8    9   10
pops: 100     7    7    7    7    7    7    7    7    7    7
pops: 120     6    7    7    7    7    7    7    7    7    7
pops: 140     6    7    6    6    6    6    7    7    6    6
pops: 160     6    6    6    6    6    6    6    6    6    6
pops: 180     6    6    6    6    6    6    6    6    6    6
pops: 200     6    6    6    6    6    6    6    6    6    6

Tournament10;1.0
     elites   1    2    3    4    5    6    7    8    9   10
pops: 100     8    8    8    8    8    8    8    9    9    9
pops: 120     8    8    8    8    8    8    8    8    8    8
pops: 140     8    8    7    8    8    8    8    7    8    8
pops: 160     7    7    7    7    7    7    7    7    7    7
pops: 180     7    7    7    7    7    7    7    7    7    7
pops: 200     7    7    7    7    7    7    7    7    7    7

Tournament12;1.0
     elites   1    2    3    4    5    6    7    8    9   10
pops: 100     8    8    8    8    8    8    8    8    8    8
pops: 120     7    7    8    8    7    8    7    8    8    8
pops: 140     7    7    7    7    7    7    7    7    7    8
pops: 160     7    7    7    7    7    7    7    7    7    7
pops: 180     7    6    7    7    6    7    7    7    7    7
pops: 200     6    7    7    6    7    7    7    7    7    7

Tournament12;0.8
     elites   1    2    3    4    5    6    7    8    9   10
pops: 100     8    8    8    8    8    9    9    9    9    9
pops: 120     8    8    8    8    8    8    8    8    8    8
pops: 140     8    8    8    8    8    8    8    8    7    8
pops: 160     7    7    7    8    7    8    8    7    8    8
pops: 180     7    7    7    7    7    7    7    7    7    7
pops: 200     7    7    7    7    7    7    7    7    7    7

Tournament14;1.0
     elites   1    2    3    4    5    6    7    8    9   10
pops: 100     8    8    7    8    8    8    8    8    8    8
pops: 120     7    7    8    7    7    7    7    7    8    8
pops: 140     7    7    7    7    7    7    7    7    7    7
pops: 160     6    7    7    7    7    6    7    7    7    7
pops: 180     6    7    6    6    6    6    7    7    7    7
pops: 200     6    6    6    6    6    6    6    6    6    6