changeChance = 0.8 / BIT_COUNT

Roulette
     elites   1    2    3    4    5    6    7    8    9   10
pops:  30    74   53   45   43   41   39   39   40   41   43
pops:  50    69   46   41   38   34   36   34   33   34   34
pops:  70    64   41   38   35   34   32   31   32   30   30
pops:  90    66   40   37   32   32   31   30   30   28   29
pops: 110    66   45   36   32   32   30   28   28   28   27
pops: 130    60   43   36   33   30   30   28   28   28   27
pops: 150    63   42   34   31   31   30   26   27   26   26

Truncate0.2
     elites   1    2    3    4    5    6    7    8    9   10
pops:  30    14   14   15   15   15   16   17   16   17   17
pops:  50    12   11   12   12   13   13   13   12   13   13
pops:  70    10   11   11   11   11   11   11   11   11   11
pops:  90    10   10   10   10   10   10   10   10   11   10
pops: 110     9   10    9   10    9    9    9   10   10   10
pops: 130     9    9    9    9    9    9    9    9    9    9
pops: 150     9    9    9    9    9    9    9    9    9    9

Tournament4;0.8
     elites   1    2    3    4    5    6    7    8    9   10
pops:  30    20   20   20   20   20   21   21   22   23   24
pops:  50    17   17   16   17   16   17   17   17   17   18
pops:  70    16   15   15   15   15   15   15   15   15   15
pops:  90    15   14   14   15   14   14   14   14   15   14
pops: 110    14   14   14   13   13   13   13   14   13   13
pops: 130    13   13   13   13   12   13   12   13   12   13
pops: 150    13   13   13   12   13   12   12   12   12   12

Truncate0.4
     elites   1    2    3    4    5    6    7    8    9   10
pops:  30    19   18   18   18   19   20   20   20   21   22
pops:  50    16   16   16   15   15   16   16   16   16   18
pops:  70    16   15   15   15   14   15   14   14   14   14
pops:  90    15   14   14   14   13   13   13   13   13   13
pops: 110    14   14   13   13   13   12   13   13   13   12
pops: 130    14   14   13   12   13   13   12   12   12   12
pops: 150    13   13   13   12   12   11   12   12   12   12

Tournament3;1.0
     elites   1    2    3    4    5    6    7    8    9   10
pops:  30    21   21   20   20   21   21   22   22   23   24
pops:  50    18   18   17   17   17   17   17   18   17   18
pops:  70    17   15   15   15   15   16   15   15   15   16
pops:  90    16   15   15   15   14   15   14   14   14   14
pops: 110    15   14   13   14   14   14   13   13   13   14
pops: 130    14   14   13   14   13   13   13   13   13   13
pops: 150    14   14   13   13   13   13   12   13   12   12

Tournament2;0.8
     elites   1    2    3    4    5    6    7    8    9   10
pops:  30    50   38   34   31   31   31   32   32   32   34
pops:  50    45   35   30   28   27   26   27   26   27   27
pops:  70    42   32   29   27   24   25   24   24   23   23
pops:  90    40   30   26   25   24   24   23   23   22   22
pops: 110    41   30   27   24   24   22   22   21   21   21
pops: 130    37   29   25   24   22   22   21   22   20   20
pops: 150    37   28   25   23   22   20   21   20   20   19

Truncate0.6
     elites   1    2    3    4    5    6    7    8    9   10
pops:  30    27   26   26   25   24   25   25   24   26   26
pops:  50    24   21   20   21   23   22   21   21   20   21
pops:  70    22   21   19   19   19   19   21   20   20   20
pops:  90    21   19   18   18   18   17   18   18   20   18
pops: 110    20   18   17   17   17   17   16   16   17   17
pops: 130    19   17   17   16   16   16   16   16   16   16
pops: 150    19   18   17   16   15   15   16   15   16   15

Tournament2;0.6
     elites   1    2    3    4    5    6    7    8    9   10
pops:  30    94   58   51   43   43   41   41   41   42   43
pops:  50    88   59   45   40   39   36   35   34   34   33
pops:  70    86   55   43   37   36   34   32   31   30   31
pops:  90    93   55   42   37   35   33   31   29   29   29
pops: 110    81   51   40   36   34   32   31   29   29   27
pops: 130    76   51   41   36   33   33   28   29   27   28
pops: 150    82   52   40   36   31   30   29   26   26   26

Truncate0.8
     elites   1    2    3    4    5    6    7    8    9   10
pops:  30    44   33   32   31   33   37   34   32   31   31
pops:  50    42   33   29   26   25   26   26   27   27   30
pops:  70    37   30   26   25   25   24   23   23   23   24
pops:  90    38   29   26   24   23   23   22   22   22   22
pops: 110    34   28   26   24   23   22   22   20   20   20
pops: 130    34   28   25   23   23   22   21   21   20   19
pops: 150    34   27   25   22   22   22   20   20   20   20

SUS
     elites   1    2    3    4    5    6    7    8    9   10
pops:  30    61   42   39   39   39   39   40   40   41   42
pops:  50    51   38   34   34   33   32   33   32   34   33
pops:  70    45   37   32   31   31   30   29   28   28   28
pops:  90    45   33   30   29   28   28   28   26   26   26
pops: 110    45   31   30   29   26   27   26   25   25   25
pops: 130    39   32   29   25   26   27   26   24   25   25
pops: 150    38   31   27   26   25   25   24   24   23   24

Tournament2;1.0
     elites   1    2    3    4    5    6    7    8    9   10
pops:  30    34   27   28   26   27   27   27   27   29   29
pops:  50    29   25   24   24   21   22   23   22   22   23
pops:  70    27   23   22   21   21   21   21   20   21   21
pops:  90    26   22   21   20   20   19   19   19   19   20
pops: 110    25   21   20   18   19   19   19   19   18   18
pops: 130    23   21   20   18   19   18   18   18   17   17
pops: 150    24   21   19   18   18   17   17   17   17   17

Tournament3;0.8
     elites   1    2    3    4    5    6    7    8    9   10
pops:  30    24   23   22   22   22   22   23   24   24   25
pops:  50    22   20   19   18   18   18   18   18   19   19
pops:  70    19   18   17   17   17   17   17   16   16   17
pops:  90    17   17   16   15   15   15   15   16   15   15
pops: 110    17   15   15   15   14   15   14   14   14   14
pops: 130    17   15   15   14   13   14   13   14   14   14
pops: 150    15   15   14   14   13   13   13   13   13   13

Tournament3;0.6
     elites   1    2    3    4    5    6    7    8    9   10
pops:  30    31   27   26   24   24   26   25   26   27   27
pops:  50    29   23   21   20   21   20   21   21   21   21
pops:  70    27   22   20   19   19   18   18   17   17   18
pops:  90    24   20   19   18   17   17   17   17   16   16
pops: 110    23   18   18   17   16   16   16   16   16   15
pops: 130    22   18   18   16   16   16   16   15   15   15
pops: 150    21   19   17   16   16   15   15   15   14   14

Tournament4;1.0
     elites   1    2    3    4    5    6    7    8    9   10
pops:  30    17   17   17   18   18   18   19   19   20   21
pops:  50    15   15   15   14   14   15   14   15   15   16
pops:  70    13   13   13   13   13   13   13   13   13   13
pops:  90    12   12   12   12   12   13   12   12   12   12
pops: 110    12   12   12   11   12   11   11   12   12   12
pops: 130    11   11   11   11   11   11   11   11   11   11
pops: 150    11   11   11   10   11   10   10   10   10   11

Tournament4;0.6
     elites   1    2    3    4    5    6    7    8    9   10
pops:  30    28   25   23   25   24   24   24   25   26   28
pops:  50    24   21   20   20   20   20   20   20   21   21
pops:  70    23   20   20   18   19   18   18   19   18   18
pops:  90    21   19   19   18   18   17   17   17   17   17
pops: 110    20   18   17   17   16   16   16   16   16   16
pops: 130    19   18   17   16   16   16   16   16   15   16
pops: 150    19   17   17   16   15   15   15   15   15   15